,target_var,condition_var,condition_val,prob,prob_std,prop_valid,n_intermediate,prop_d_separating,all_intermediate_vars
0,X8,X84,0,0.3677913612789578,0.009881014366352327,1.0,6.666666666666667,0.0,"['X81', 'X76', 'X90', 'X18', 'X48', 'X17', 'X20', 'X31', 'X63', 'X56', 'X70', 'X28', 'X39', 'X29', 'X19', 'X44', 'X93', 'X57', 'X33', 'X73', 'X67', 'X32', 'X49', 'X47', 'X42', 'X46', 'X35', 'X78', 'X37', 'X26', 'X59', 'X0', 'X7', 'X16', 'X65', 'X92', 'X25', 'X79', 'X97', 'X22', 'X4', 'X89']"
1,X8,X84,1,0.4420006838109758,0.1974363987977164,1.0,9.666666666666666,0.1111111111111111,"['X81', 'X86', 'X87', 'X76', 'X88', 'X48', 'X18', 'X90', 'X43', 'X20', 'X17', 'X68', 'X38', 'X64', 'X11', 'X56', 'X63', 'X27', 'X3', 'X54', 'X74', 'X23', 'X95', 'X70', 'X28', 'X2', 'X39', 'X51', 'X29', 'X19', 'X57', 'X93', 'X15', 'X73', 'X69', 'X67', 'X49', 'X98', 'X32', 'X21', 'X47', 'X42', 'X13', 'X1', 'X78', 'X35', 'X99', 'X26', 'X0', 'X9', 'X7', 'X82', 'X16', 'X83', 'X85', 'X65', 'X92', 'X75', 'X72', 'X79', 'X36', 'X97', 'X4']"
2,X61,X8,0,0.1524642635550764,0.20964069963192397,1.0,65.11111111111111,0.6666666666666666,"['X81', 'X76', 'X90', 'X12', 'X48', 'X43', 'X38', 'X64', 'X31', 'X11', 'X63', 'X54', 'X95', 'X70', 'X39', 'X57', 'X93', 'X15', 'X73', 'X45', 'X67', 'X98', 'X21', 'X62', 'X46', 'X78', 'X99', 'X37', 'X94', 'X9', 'X52', 'X65', 'X16', 'X92', 'X75', 'X72', 'X77', 'X25', 'X79', 'X36', 'X97', 'X4', 'X87', 'X86', 'X88', 'X18', 'X71', 'X68', 'X20', 'X17', 'X14', 'X56', 'X27', 'X3', 'X74', 'X23', 'X28', 'X2', 'X51', 'X29', 'X19', 'X44', 'X33', 'X69', 'X49', 'X32', 'X47', 'X42', 'X13', 'X35', 'X1', 'X26', 'X59', 'X0', 'X7', 'X58', 'X82', 'X83', 'X85', 'X91', 'X22', 'X89']"
3,X61,X8,1,0.7737282845709059,0.04674927045457886,1.0,67.55555555555556,0.6666666666666666,"['X81', 'X76', 'X12', 'X43', 'X64', 'X93', 'X73', 'X67', 'X98', 'X62', 'X46', 'X99', 'X77', 'X75', 'X72', 'X92', 'X36', 'X4', 'X88', 'X18', 'X17', 'X68', 'X56', 'X27', 'X3', 'X74', 'X28', 'X51', 'X19', 'X33', 'X69', 'X32', 'X47', 'X42', 'X1', 'X26', 'X0', 'X7', 'X83', 'X91', 'X90', 'X48', 'X38', 'X31', 'X11', 'X63', 'X54', 'X95', 'X70', 'X39', 'X57', 'X15', 'X45', 'X21', 'X78', 'X37', 'X94', 'X9', 'X52', 'X65', 'X16', 'X25', 'X79', 'X40', 'X97', 'X87', 'X86', 'X20', 'X71', 'X14', 'X23', 'X2', 'X29', 'X44', 'X49', 'X13', 'X35', 'X59', 'X58', 'X82', 'X85', 'X22', 'X89']"
4,X40,X2,0,0.3036863985988829,0.0904159214536623,1.0,46.77777777777778,0.1111111111111111,"['X81', 'X76', 'X90', 'X12', 'X48', 'X43', 'X38', 'X64', 'X31', 'X11', 'X63', 'X54', 'X95', 'X70', 'X39', 'X93', 'X57', 'X15', 'X73', 'X45', 'X67', 'X98', 'X21', 'X62', 'X46', 'X78', 'X99', 'X37', 'X94', 'X9', 'X16', 'X65', 'X52', 'X92', 'X75', 'X72', 'X77', 'X25', 'X79', 'X36', 'X97', 'X61', 'X4', 'X87', 'X86', 'X88', 'X18', 'X71', 'X68', 'X20', 'X17', 'X14', 'X56', 'X27', 'X74', 'X23', 'X28', 'X29', 'X51', 'X19', 'X44', 'X33', 'X69', 'X49', 'X32', 'X47', 'X42', 'X13', 'X35', 'X1', 'X26', 'X0', 'X7', 'X58', 'X82', 'X83', 'X85', 'X91', 'X22', 'X8', 'X89']"
5,X40,X2,1,0.7349065111743079,0.18941885109314657,1.0,42.666666666666664,0.2222222222222222,"['X81', 'X76', 'X90', 'X12', 'X48', 'X43', 'X38', 'X64', 'X31', 'X11', 'X63', 'X54', 'X95', 'X70', 'X39', 'X57', 'X93', 'X15', 'X73', 'X45', 'X67', 'X98', 'X21', 'X62', 'X46', 'X99', 'X78', 'X37', 'X94', 'X9', 'X16', 'X65', 'X52', 'X77', 'X92', 'X72', 'X75', 'X25', 'X79', 'X36', 'X97', 'X4', 'X86', 'X87', 'X88', 'X18', 'X17', 'X71', 'X20', 'X68', 'X14', 'X56', 'X27', 'X74', 'X23', 'X28', 'X29', 'X51', 'X19', 'X44', 'X33', 'X69', 'X49', 'X32', 'X47', 'X42', 'X13', 'X35', 'X1', 'X26', 'X0', 'X7', 'X58', 'X82', 'X83', 'X85', 'X91', 'X22', 'X8', 'X89']"
6,X49,X80,0,0.9506275322702196,0.09308086007768596,1.0,55.55555555555556,0.5555555555555556,"['X81', 'X76', 'X90', 'X12', 'X48', 'X43', 'X38', 'X64', 'X31', 'X11', 'X63', 'X54', 'X95', 'X70', 'X39', 'X93', 'X57', 'X15', 'X73', 'X45', 'X67', 'X98', 'X21', 'X62', 'X46', 'X99', 'X78', 'X37', 'X9', 'X52', 'X65', 'X16', 'X92', 'X75', 'X77', 'X72', 'X25', 'X79', 'X36', 'X97', 'X61', 'X4', 'X86', 'X87', 'X88', 'X18', 'X71', 'X68', 'X20', 'X17', 'X14', 'X56', 'X27', 'X3', 'X74', 'X23', 'X28', 'X2', 'X29', 'X51', 'X19', 'X44', 'X33', 'X69', 'X32', 'X47', 'X42', 'X13', 'X35', 'X1', 'X26', 'X59', 'X7', 'X58', 'X82', 'X83', 'X85', 'X91', 'X22', 'X8', 'X89']"
7,X49,X80,1,0.6685769736585725,0.4014012511888918,1.0,55.666666666666664,0.7777777777777778,"['X81', 'X76', 'X90', 'X12', 'X48', 'X43', 'X38', 'X64', 'X31', 'X11', 'X63', 'X54', 'X95', 'X70', 'X39', 'X93', 'X57', 'X15', 'X73', 'X45', 'X67', 'X98', 'X21', 'X62', 'X46', 'X99', 'X78', 'X37', 'X9', 'X52', 'X16', 'X65', 'X77', 'X75', 'X72', 'X92', 'X25', 'X79', 'X36', 'X40', 'X97', 'X61', 'X4', 'X86', 'X87', 'X88', 'X18', 'X20', 'X68', 'X17', 'X71', 'X14', 'X56', 'X27', 'X3', 'X74', 'X23', 'X28', 'X2', 'X29', 'X51', 'X19', 'X44', 'X33', 'X69', 'X32', 'X47', 'X42', 'X13', 'X1', 'X35', 'X26', 'X59', 'X0', 'X7', 'X58', 'X82', 'X83', 'X85', 'X91', 'X22', 'X8', 'X89']"
8,X40,X94,0,0.21865887857145733,0.05631289321816939,1.0,20.555555555555557,0.2222222222222222,"['X81', 'X76', 'X90', 'X48', 'X38', 'X64', 'X11', 'X63', 'X54', 'X70', 'X39', 'X57', 'X93', 'X15', 'X73', 'X45', 'X67', 'X98', 'X21', 'X62', 'X46', 'X99', 'X78', 'X37', 'X16', 'X65', 'X77', 'X92', 'X75', 'X72', 'X25', 'X79', 'X36', 'X97', 'X88', 'X18', 'X17', 'X20', 'X68', 'X14', 'X56', 'X27', 'X74', 'X23', 'X28', 'X44', 'X33', 'X32', 'X49', 'X47', 'X42', 'X13', 'X35', 'X1', 'X26', 'X59', 'X7', 'X58', 'X82', 'X83', 'X85', 'X91', 'X22', 'X8']"
9,X40,X94,1,0.9737486574384902,0.02300752649518456,1.0,37.666666666666664,0.3333333333333333,"['X81', 'X76', 'X90', 'X12', 'X48', 'X43', 'X38', 'X64', 'X31', 'X11', 'X63', 'X54', 'X95', 'X70', 'X39', 'X57', 'X93', 'X15', 'X73', 'X45', 'X67', 'X98', 'X21', 'X62', 'X46', 'X99', 'X78', 'X37', 'X9', 'X16', 'X65', 'X52', 'X92', 'X75', 'X77', 'X72', 'X25', 'X79', 'X36', 'X97', 'X61', 'X4', 'X87', 'X88', 'X18', 'X20', 'X71', 'X68', 'X17', 'X14', 'X56', 'X27', 'X74', 'X23', 'X28', 'X2', 'X29', 'X51', 'X19', 'X44', 'X33', 'X69', 'X49', 'X32', 'X47', 'X42', 'X13', 'X35', 'X1', 'X26', 'X59', 'X0', 'X7', 'X58', 'X82', 'X83', 'X85', 'X91', 'X22', 'X8', 'X89']"
10,X86,X59,0,0.2948097160551697,0.3758185684369693,1.0,56.44444444444444,0.3333333333333333,"['X81', 'X76', 'X12', 'X43', 'X64', 'X93', 'X73', 'X67', 'X98', 'X62', 'X46', 'X99', 'X77', 'X75', 'X92', 'X72', 'X36', 'X61', 'X4', 'X88', 'X18', 'X17', 'X68', 'X56', 'X27', 'X3', 'X74', 'X28', 'X51', 'X19', 'X33', 'X69', 'X32', 'X47', 'X42', 'X1', 'X26', 'X0', 'X7', 'X83', 'X91', 'X8', 'X90', 'X48', 'X38', 'X31', 'X11', 'X63', 'X54', 'X95', 'X70', 'X39', 'X57', 'X15', 'X45', 'X21', 'X78', 'X37', 'X94', 'X9', 'X16', 'X65', 'X52', 'X25', 'X79', 'X40', 'X97', 'X87', 'X20', 'X71', 'X14', 'X23', 'X29', 'X44', 'X49', 'X13', 'X35', 'X58', 'X82', 'X85', 'X22', 'X89']"
11,X86,X59,1,0.7736328977367116,0.40539397677063205,1.0,50.77777777777778,0.4444444444444444,"['X81', 'X76', 'X90', 'X12', 'X48', 'X43', 'X38', 'X64', 'X31', 'X11', 'X63', 'X54', 'X95', 'X70', 'X39', 'X57', 'X93', 'X15', 'X73', 'X45', 'X67', 'X98', 'X21', 'X62', 'X46', 'X78', 'X99', 'X37', 'X94', 'X9', 'X52', 'X65', 'X16', 'X92', 'X75', 'X72', 'X77', 'X25', 'X79', 'X36', 'X97', 'X61', 'X4', 'X87', 'X88', 'X18', 'X17', 'X68', 'X71', 'X20', 'X14', 'X56', 'X27', 'X3', 'X74', 'X23', 'X28', 'X29', 'X51', 'X19', 'X44', 'X33', 'X69', 'X32', 'X49', 'X47', 'X42', 'X13', 'X1', 'X35', 'X26', 'X0', 'X7', 'X58', 'X82', 'X83', 'X85', 'X91', 'X22', 'X8', 'X89']"
12,X25,X95,0,0.7368772363665307,0.2880945470417829,1.0,58.77777777777778,0.0,"['X81', 'X76', 'X90', 'X12', 'X48', 'X43', 'X38', 'X64', 'X31', 'X11', 'X63', 'X54', 'X70', 'X39', 'X93', 'X57', 'X15', 'X73', 'X45', 'X67', 'X98', 'X21', 'X62', 'X46', 'X99', 'X78', 'X37', 'X94', 'X9', 'X52', 'X65', 'X16', 'X92', 'X75', 'X77', 'X72', 'X79', 'X36', 'X40', 'X97', 'X61', 'X4', 'X86', 'X87', 'X88', 'X18', 'X17', 'X68', 'X71', 'X20', 'X14', 'X56', 'X27', 'X3', 'X74', 'X23', 'X28', 'X2', 'X29', 'X51', 'X19', 'X44', 'X33', 'X69', 'X32', 'X49', 'X47', 'X42', 'X13', 'X35', 'X1', 'X26', 'X59', 'X0', 'X7', 'X58', 'X82', 'X83', 'X85', 'X91', 'X22', 'X8', 'X89']"
13,X25,X95,1,0.8226571745342679,0.12690907277386382,1.0,64.11111111111111,0.0,"['X81', 'X76', 'X12', 'X43', 'X64', 'X93', 'X73', 'X67', 'X98', 'X62', 'X46', 'X99', 'X77', 'X75', 'X72', 'X92', 'X36', 'X61', 'X4', 'X88', 'X18', 'X17', 'X68', 'X56', 'X27', 'X3', 'X74', 'X28', 'X51', 'X19', 'X33', 'X69', 'X32', 'X47', 'X42', 'X1', 'X26', 'X0', 'X7', 'X83', 'X91', 'X8', 'X90', 'X48', 'X38', 'X31', 'X11', 'X63', 'X54', 'X70', 'X39', 'X57', 'X15', 'X45', 'X21', 'X78', 'X37', 'X94', 'X9', 'X16', 'X52', 'X65', 'X79', 'X40', 'X97', 'X86', 'X87', 'X20', 'X71', 'X14', 'X23', 'X2', 'X29', 'X44', 'X49', 'X13', 'X35', 'X59', 'X58', 'X82', 'X85', 'X22', 'X89']"
14,X99,X0,0,0.3561131622409448,0.3976687051606978,1.0,41.22222222222222,0.7777777777777778,"['X81', 'X76', 'X90', 'X12', 'X48', 'X43', 'X38', 'X64', 'X31', 'X11', 'X63', 'X54', 'X70', 'X39', 'X93', 'X57', 'X15', 'X73', 'X45', 'X67', 'X21', 'X62', 'X46', 'X78', 'X37', 'X94', 'X9', 'X16', 'X65', 'X52', 'X77', 'X92', 'X75', 'X72', 'X25', 'X79', 'X36', 'X97', 'X61', 'X4', 'X87', 'X86', 'X88', 'X18', 'X20', 'X17', 'X68', 'X71', 'X14', 'X56', 'X27', 'X74', 'X23', 'X28', 'X2', 'X29', 'X51', 'X19', 'X44', 'X33', 'X69', 'X32', 'X49', 'X47', 'X42', 'X13', 'X35', 'X1', 'X26', 'X59', 'X7', 'X58', 'X82', 'X83', 'X85', 'X91', 'X22', 'X8', 'X89']"
15,X99,X0,1,0.7303900146135776,0.2583094420985144,1.0,39.666666666666664,0.7777777777777778,"['X81', 'X76', 'X90', 'X48', 'X43', 'X38', 'X64', 'X31', 'X11', 'X63', 'X54', 'X95', 'X70', 'X39', 'X93', 'X57', 'X15', 'X73', 'X45', 'X67', 'X98', 'X21', 'X62', 'X46', 'X78', 'X37', 'X94', 'X9', 'X16', 'X52', 'X65', 'X77', 'X92', 'X72', 'X75', 'X25', 'X79', 'X36', 'X97', 'X61', 'X4', 'X86', 'X87', 'X88', 'X18', 'X17', 'X68', 'X20', 'X71', 'X14', 'X56', 'X27', 'X74', 'X23', 'X28', 'X2', 'X51', 'X29', 'X19', 'X44', 'X33', 'X69', 'X32', 'X49', 'X47', 'X42', 'X13', 'X35', 'X1', 'X26', 'X59', 'X7', 'X58', 'X82', 'X83', 'X85', 'X91', 'X22', 'X8', 'X89']"
16,X8,X61,0,0.10046686435170057,0.27807126718044134,1.0,64.88888888888889,0.4444444444444444,"['X81', 'X76', 'X12', 'X43', 'X64', 'X93', 'X73', 'X67', 'X98', 'X62', 'X46', 'X99', 'X92', 'X77', 'X72', 'X75', 'X36', 'X4', 'X88', 'X18', 'X17', 'X68', 'X56', 'X3', 'X27', 'X74', 'X28', 'X51', 'X19', 'X33', 'X69', 'X32', 'X47', 'X42', 'X1', 'X26', 'X0', 'X7', 'X83', 'X91', 'X90', 'X48', 'X38', 'X31', 'X11', 'X63', 'X54', 'X95', 'X70', 'X39', 'X57', 'X15', 'X45', 'X21', 'X78', 'X37', 'X9', 'X16', 'X65', 'X52', 'X25', 'X79', 'X40', 'X97', 'X86', 'X87', 'X71', 'X20', 'X14', 'X23', 'X2', 'X29', 'X44', 'X49', 'X13', 'X35', 'X59', 'X58', 'X82', 'X85', 'X22', 'X89']"
17,X8,X61,1,0.8442817389732227,0.3017760364737706,1.0,69.66666666666667,0.5555555555555556,"['X81', 'X76', 'X12', 'X43', 'X64', 'X93', 'X73', 'X67', 'X98', 'X62', 'X46', 'X99', 'X77', 'X75', 'X72', 'X92', 'X36', 'X4', 'X88', 'X18', 'X17', 'X68', 'X56', 'X27', 'X3', 'X74', 'X28', 'X51', 'X19', 'X33', 'X69', 'X32', 'X47', 'X42', 'X1', 'X26', 'X0', 'X7', 'X83', 'X91', 'X90', 'X48', 'X38', 'X31', 'X11', 'X63', 'X54', 'X95', 'X70', 'X39', 'X57', 'X15', 'X45', 'X21', 'X78', 'X37', 'X94', 'X9', 'X52', 'X65', 'X16', 'X25', 'X79', 'X40', 'X97', 'X86', 'X87', 'X20', 'X71', 'X14', 'X23', 'X2', 'X29', 'X44', 'X49', 'X13', 'X35', 'X59', 'X58', 'X82', 'X85', 'X22', 'X89']"
18,X12,X84,0,0.2695906675524182,0.22256882243004153,1.0,12.11111111111111,0.8888888888888888,"['X81', 'X76', 'X90', 'X48', 'X43', 'X38', 'X64', 'X31', 'X11', 'X63', 'X54', 'X95', 'X70', 'X39', 'X93', 'X57', 'X15', 'X73', 'X45', 'X67', 'X98', 'X21', 'X62', 'X46', 'X99', 'X37', 'X16', 'X65', 'X92', 'X75', 'X72', 'X79', 'X36', 'X40', 'X97', 'X61', 'X4', 'X87', 'X86', 'X88', 'X18', 'X17', 'X68', 'X20', 'X71', 'X14', 'X56', 'X27', 'X74', 'X23', 'X28', 'X51', 'X29', 'X44', 'X33', 'X69', 'X32', 'X49', 'X42', 'X13', 'X1', 'X35', 'X26', 'X7', 'X58', 'X83', 'X85', 'X91', 'X22', 'X8']"
19,X12,X84,1,0.6682851596011056,0.2470596116603889,1.0,12.777777777777779,0.6666666666666666,"['X81', 'X76', 'X90', 'X48', 'X43', 'X38', 'X64', 'X31', 'X11', 'X63', 'X54', 'X95', 'X70', 'X57', 'X93', 'X15', 'X73', 'X45', 'X67', 'X98', 'X21', 'X62', 'X46', 'X78', 'X99', 'X37', 'X9', 'X52', 'X65', 'X16', 'X77', 'X75', 'X72', 'X92', 'X79', 'X36', 'X40', 'X97', 'X61', 'X4', 'X87', 'X88', 'X18', 'X71', 'X20', 'X17', 'X68', 'X56', 'X27', 'X74', 'X23', 'X28', 'X51', 'X29', 'X19', 'X44', 'X33', 'X69', 'X49', 'X32', 'X47', 'X42', 'X13', 'X1', 'X35', 'X26', 'X59', 'X7', 'X58', 'X82', 'X85', 'X91', 'X22']"
20,X34,X92,0,0.8281643390655518,0.0,0.1111111111111111,74.0,0.0,"['X81', 'X76', 'X90', 'X12', 'X48', 'X43', 'X38', 'X64', 'X31', 'X11', 'X63', 'X54', 'X70', 'X39', 'X57', 'X93', 'X15', 'X73', 'X45', 'X67', 'X98', 'X21', 'X62', 'X46', 'X78', 'X99', 'X37', 'X9', 'X52', 'X65', 'X16', 'X77', 'X72', 'X25', 'X79', 'X36', 'X97', 'X4', 'X86', 'X87', 'X88', 'X18', 'X17', 'X68', 'X20', 'X14', 'X56', 'X3', 'X27', 'X74', 'X23', 'X28', 'X2', 'X29', 'X51', 'X19', 'X44', 'X33', 'X69', 'X32', 'X49', 'X47', 'X42', 'X13', 'X35', 'X1', 'X26', 'X7', 'X83', 'X85', 'X91', 'X22', 'X8', 'X89']"
21,X34,X92,1,,,0.0,,,[]
22,X94,X40,0,0.028678178950536273,0.03296914109845483,1.0,36.44444444444444,0.4444444444444444,"['X81', 'X76', 'X90', 'X12', 'X48', 'X43', 'X38', 'X64', 'X31', 'X11', 'X63', 'X54', 'X70', 'X39', 'X57', 'X93', 'X15', 'X73', 'X45', 'X67', 'X98', 'X21', 'X62', 'X46', 'X99', 'X78', 'X37', 'X9', 'X16', 'X65', 'X52', 'X77', 'X92', 'X72', 'X75', 'X25', 'X79', 'X36', 'X97', 'X61', 'X4', 'X87', 'X88', 'X18', 'X17', 'X68', 'X71', 'X20', 'X14', 'X56', 'X27', 'X74', 'X23', 'X28', 'X51', 'X29', 'X19', 'X44', 'X33', 'X69', 'X32', 'X49', 'X47', 'X42', 'X13', 'X1', 'X35', 'X26', 'X59', 'X0', 'X7', 'X58', 'X82', 'X83', 'X85', 'X91', 'X22', 'X8']"
23,X94,X40,1,0.8801468263069788,0.26819665227832545,1.0,33.666666666666664,0.7777777777777778,"['X76', 'X90', 'X12', 'X48', 'X43', 'X38', 'X64', 'X31', 'X11', 'X63', 'X54', 'X39', 'X57', 'X93', 'X73', 'X45', 'X67', 'X98', 'X21', 'X62', 'X46', 'X99', 'X37', 'X16', 'X65', 'X52', 'X77', 'X92', 'X72', 'X75', 'X25', 'X79', 'X36', 'X97', 'X61', 'X4', 'X87', 'X88', 'X18', 'X17', 'X68', 'X71', 'X14', 'X56', 'X27', 'X74', 'X23', 'X28', 'X29', 'X51', 'X19', 'X44', 'X33', 'X69', 'X49', 'X32', 'X47', 'X42', 'X13', 'X1', 'X35', 'X26', 'X59', 'X0', 'X7', 'X58', 'X82', 'X83', 'X91', 'X22', 'X8']"
24,X94,X86,0,0.24427164377023777,0.2180917952512181,1.0,46.333333333333336,0.4444444444444444,"['X81', 'X76', 'X12', 'X43', 'X64', 'X93', 'X73', 'X67', 'X98', 'X62', 'X46', 'X99', 'X77', 'X92', 'X72', 'X75', 'X36', 'X61', 'X4', 'X88', 'X18', 'X17', 'X68', 'X56', 'X3', 'X27', 'X74', 'X28', 'X51', 'X19', 'X33', 'X69', 'X32', 'X47', 'X42', 'X1', 'X26', 'X0', 'X7', 'X83', 'X91', 'X8', 'X90', 'X48', 'X38', 'X31', 'X11', 'X63', 'X54', 'X95', 'X70', 'X39', 'X57', 'X15', 'X45', 'X21', 'X78', 'X37', 'X9', 'X16', 'X65', 'X52', 'X25', 'X79', 'X97', 'X87', 'X20', 'X71', 'X14', 'X23', 'X2', 'X29', 'X44', 'X49', 'X13', 'X35', 'X58', 'X82', 'X85', 'X22', 'X89']"
25,X94,X86,1,0.8362449838055505,0.13508883928276702,1.0,39.44444444444444,0.4444444444444444,"['X81', 'X76', 'X90', 'X12', 'X48', 'X43', 'X38', 'X64', 'X31', 'X11', 'X63', 'X54', 'X95', 'X70', 'X39', 'X57', 'X93', 'X15', 'X73', 'X45', 'X67', 'X98', 'X21', 'X62', 'X46', 'X78', 'X99', 'X37', 'X9', 'X16', 'X65', 'X52', 'X92', 'X77', 'X75', 'X72', 'X25', 'X79', 'X36', 'X97', 'X61', 'X4', 'X87', 'X88', 'X18', 'X20', 'X71', 'X68', 'X17', 'X14', 'X56', 'X27', 'X74', 'X23', 'X28', 'X2', 'X29', 'X51', 'X19', 'X44', 'X33', 'X69', 'X32', 'X49', 'X47', 'X42', 'X13', 'X35', 'X1', 'X26', 'X0', 'X7', 'X58', 'X83', 'X85', 'X91', 'X22', 'X8', 'X89']"
26,X0,X40,0,0.3783457023609016,0.259317702279593,1.0,31.11111111111111,0.5555555555555556,"['X81', 'X76', 'X90', 'X12', 'X48', 'X43', 'X38', 'X64', 'X31', 'X11', 'X63', 'X54', 'X95', 'X70', 'X39', 'X93', 'X57', 'X15', 'X73', 'X45', 'X67', 'X98', 'X21', 'X62', 'X46', 'X99', 'X78', 'X37', 'X9', 'X16', 'X65', 'X52', 'X92', 'X75', 'X72', 'X77', 'X25', 'X79', 'X36', 'X97', 'X4', 'X86', 'X87', 'X88', 'X18', 'X17', 'X68', 'X71', 'X20', 'X14', 'X56', 'X27', 'X74', 'X23', 'X28', 'X51', 'X29', 'X19', 'X44', 'X33', 'X69', 'X32', 'X49', 'X47', 'X42', 'X13', 'X1', 'X35', 'X26', 'X59', 'X7', 'X58', 'X82', 'X83', 'X85', 'X91', 'X22', 'X8', 'X89']"
27,X0,X40,1,0.7555279367499881,0.22903420297097973,1.0,31.333333333333332,0.5555555555555556,"['X81', 'X76', 'X90', 'X12', 'X48', 'X43', 'X38', 'X64', 'X31', 'X11', 'X63', 'X54', 'X39', 'X57', 'X93', 'X24', 'X73', 'X45', 'X67', 'X98', 'X21', 'X62', 'X46', 'X78', 'X37', 'X66', 'X55', 'X16', 'X65', 'X52', 'X77', 'X92', 'X72', 'X75', 'X25', 'X79', 'X36', 'X97', 'X61', 'X4', 'X87', 'X88', 'X18', 'X17', 'X68', 'X71', 'X20', 'X14', 'X56', 'X27', 'X74', 'X23', 'X28', 'X29', 'X51', 'X19', 'X44', 'X33', 'X69', 'X32', 'X49', 'X47', 'X42', 'X13', 'X35', 'X1', 'X26', 'X59', 'X7', 'X58', 'X82', 'X83', 'X91', 'X22', 'X8', 'X89']"
28,X24,X40,0,0.03120542938510577,0.01087892984608493,0.3333333333333333,57.666666666666664,1.0,"['X81', 'X53', 'X76', 'X90', 'X48', 'X43', 'X38', 'X64', 'X31', 'X11', 'X63', 'X54', 'X70', 'X39', 'X93', 'X57', 'X15', 'X73', 'X45', 'X67', 'X98', 'X21', 'X62', 'X46', 'X99', 'X78', 'X37', 'X94', 'X9', 'X66', 'X55', 'X52', 'X65', 'X16', 'X92', 'X77', 'X75', 'X72', 'X25', 'X79', 'X36', 'X97', 'X61', 'X4', 'X87', 'X88', 'X18', 'X71', 'X68', 'X17', 'X20', 'X14', 'X56', 'X27', 'X74', 'X23', 'X28', 'X51', 'X29', 'X19', 'X44', 'X33', 'X69', 'X49', 'X32', 'X47', 'X42', 'X13', 'X1', 'X35', 'X26', 'X59', 'X7', 'X58', 'X82', 'X83', 'X85', 'X91', 'X22', 'X8']"
29,X24,X40,1,0.4885596012075742,0.3011846489952636,0.3333333333333333,48.0,0.6666666666666666,"['X53', 'X76', 'X90', 'X12', 'X48', 'X38', 'X64', 'X31', 'X11', 'X63', 'X54', 'X95', 'X39', 'X57', 'X93', 'X73', 'X45', 'X67', 'X98', 'X21', 'X62', 'X46', 'X99', 'X37', 'X16', 'X65', 'X77', 'X75', 'X72', 'X92', 'X25', 'X79', 'X36', 'X97', 'X61', 'X4', 'X87', 'X88', 'X18', 'X71', 'X68', 'X17', 'X14', 'X56', 'X27', 'X74', 'X23', 'X28', 'X51', 'X29', 'X19', 'X44', 'X33', 'X69', 'X49', 'X32', 'X47', 'X42', 'X13', 'X1', 'X35', 'X26', 'X59', 'X7', 'X58', 'X82', 'X83', 'X22', 'X8']"
30,X2,X40,0,0.5662496189276377,0.08855187537236744,1.0,35.666666666666664,0.2222222222222222,"['X81', 'X76', 'X90', 'X12', 'X48', 'X43', 'X38', 'X64', 'X31', 'X11', 'X63', 'X54', 'X95', 'X70', 'X39', 'X57', 'X93', 'X15', 'X73', 'X45', 'X67', 'X98', 'X21', 'X62', 'X46', 'X78', 'X99', 'X37', 'X9', 'X16', 'X52', 'X65', 'X92', 'X75', 'X72', 'X77', 'X25', 'X79', 'X36', 'X97', 'X61', 'X4', 'X87', 'X88', 'X18', 'X71', 'X17', 'X68', 'X20', 'X14', 'X56', 'X27', 'X74', 'X23', 'X28', 'X29', 'X51', 'X19', 'X44', 'X33', 'X69', 'X49', 'X32', 'X47', 'X42', 'X13', 'X35', 'X1', 'X26', 'X59', 'X7', 'X58', 'X82', 'X83', 'X85', 'X91', 'X22', 'X8', 'X89']"
31,X2,X40,1,0.8660092287593417,0.07354293881625942,1.0,34.22222222222222,0.3333333333333333,"['X81', 'X76', 'X90', 'X12', 'X48', 'X43', 'X38', 'X64', 'X31', 'X11', 'X63', 'X54', 'X70', 'X39', 'X57', 'X93', 'X15', 'X73', 'X67', 'X98', 'X21', 'X62', 'X46', 'X99', 'X78', 'X37', 'X16', 'X65', 'X52', 'X92', 'X77', 'X72', 'X25', 'X79', 'X97', 'X4', 'X88', 'X18', 'X17', 'X68', 'X20', 'X14', 'X56', 'X27', 'X23', 'X28', 'X51', 'X29', 'X19', 'X44', 'X33', 'X69', 'X49', 'X32', 'X47', 'X42', 'X13', 'X35', 'X1', 'X26', 'X59', 'X0', 'X7', 'X82', 'X83', 'X85', 'X91', 'X22', 'X8', 'X89']"
32,X85,X41,0,0.3368934094905853,0.010426846861825117,1.0,44.333333333333336,0.6666666666666666,"['X81', 'X76', 'X90', 'X12', 'X48', 'X43', 'X38', 'X64', 'X31', 'X11', 'X63', 'X54', 'X95', 'X70', 'X39', 'X93', 'X57', 'X15', 'X73', 'X45', 'X67', 'X98', 'X21', 'X62', 'X46', 'X99', 'X78', 'X37', 'X94', 'X9', 'X55', 'X66', 'X52', 'X65', 'X16', 'X77', 'X92', 'X72', 'X75', 'X25', 'X79', 'X36', 'X97', 'X61', 'X4', 'X87', 'X86', 'X88', 'X18', 'X20', 'X17', 'X71', 'X68', 'X14', 'X56', 'X3', 'X27', 'X74', 'X23', 'X28', 'X2', 'X29', 'X51', 'X19', 'X44', 'X33', 'X69', 'X49', 'X32', 'X47', 'X42', 'X13', 'X1', 'X35', 'X26', 'X59', 'X0', 'X7', 'X58', 'X82', 'X83', 'X91', 'X22', 'X8', 'X89']"
33,X85,X41,1,0.33238234453731114,0.008361409624011051,1.0,60.888888888888886,1.0,"['X81', 'X76', 'X90', 'X12', 'X48', 'X43', 'X38', 'X64', 'X31', 'X11', 'X63', 'X54', 'X95', 'X70', 'X39', 'X93', 'X57', 'X15', 'X73', 'X45', 'X67', 'X98', 'X21', 'X62', 'X46', 'X99', 'X78', 'X37', 'X94', 'X9', 'X52', 'X65', 'X16', 'X92', 'X75', 'X72', 'X77', 'X25', 'X79', 'X36', 'X40', 'X97', 'X61', 'X4', 'X87', 'X86', 'X88', 'X18', 'X71', 'X68', 'X20', 'X17', 'X14', 'X56', 'X27', 'X3', 'X74', 'X23', 'X28', 'X2', 'X29', 'X51', 'X19', 'X44', 'X33', 'X69', 'X32', 'X49', 'X47', 'X42', 'X13', 'X35', 'X1', 'X26', 'X59', 'X0', 'X7', 'X58', 'X82', 'X83', 'X91', 'X22', 'X8', 'X89']"
34,X3,X40,0,0.07965820678509772,0.06207443233605104,1.0,62.0,0.3333333333333333,"['X81', 'X76', 'X90', 'X12', 'X48', 'X43', 'X38', 'X64', 'X31', 'X11', 'X63', 'X54', 'X95', 'X70', 'X39', 'X93', 'X57', 'X15', 'X73', 'X45', 'X67', 'X98', 'X21', 'X62', 'X46', 'X99', 'X78', 'X37', 'X9', 'X16', 'X65', 'X52', 'X77', 'X92', 'X72', 'X75', 'X25', 'X79', 'X36', 'X97', 'X61', 'X4', 'X87', 'X86', 'X88', 'X18', 'X17', 'X68', 'X71', 'X20', 'X14', 'X56', 'X27', 'X74', 'X23', 'X28', 'X2', 'X51', 'X29', 'X19', 'X44', 'X33', 'X69', 'X49', 'X32', 'X47', 'X42', 'X13', 'X35', 'X1', 'X26', 'X59', 'X7', 'X58', 'X82', 'X83', 'X85', 'X91', 'X22', 'X8', 'X89']"
35,X3,X40,1,0.7170015011538958,0.3877690396186382,1.0,60.44444444444444,0.6666666666666666,"['X81', 'X76', 'X90', 'X12', 'X48', 'X43', 'X38', 'X64', 'X31', 'X11', 'X63', 'X54', 'X95', 'X70', 'X39', 'X57', 'X93', 'X15', 'X73', 'X45', 'X67', 'X98', 'X21', 'X62', 'X46', 'X99', 'X78', 'X37', 'X9', 'X52', 'X65', 'X16', 'X77', 'X75', 'X92', 'X72', 'X25', 'X79', 'X36', 'X97', 'X61', 'X4', 'X87', 'X88', 'X18', 'X20', 'X17', 'X71', 'X68', 'X14', 'X56', 'X27', 'X74', 'X23', 'X28', 'X29', 'X51', 'X19', 'X44', 'X33', 'X69', 'X49', 'X32', 'X47', 'X42', 'X13', 'X1', 'X35', 'X26', 'X59', 'X7', 'X58', 'X82', 'X83', 'X85', 'X91', 'X22', 'X8', 'X89']"
36,X80,X49,0,0.14704598486423492,0.00894030732241517,0.3333333333333333,62.666666666666664,0.6666666666666666,"['X81', 'X76', 'X90', 'X12', 'X48', 'X43', 'X38', 'X64', 'X31', 'X11', 'X63', 'X54', 'X95', 'X70', 'X39', 'X57', 'X93', 'X15', 'X73', 'X45', 'X67', 'X98', 'X21', 'X62', 'X46', 'X78', 'X99', 'X37', 'X94', 'X9', 'X16', 'X52', 'X65', 'X92', 'X77', 'X75', 'X72', 'X79', 'X36', 'X97', 'X61', 'X4', 'X87', 'X86', 'X88', 'X18', 'X71', 'X68', 'X20', 'X17', 'X14', 'X56', 'X27', 'X3', 'X74', 'X23', 'X28', 'X2', 'X29', 'X51', 'X19', 'X44', 'X33', 'X69', 'X32', 'X47', 'X42', 'X13', 'X1', 'X35', 'X26', 'X59', 'X0', 'X7', 'X58', 'X83', 'X85', 'X91', 'X22', 'X89']"
37,X80,X49,1,,,0.0,,,[]
38,X3,X24,0,0.2117581985011283,0.17844273619851733,1.0,56.333333333333336,0.2222222222222222,"['X81', 'X76', 'X90', 'X12', 'X48', 'X43', 'X38', 'X64', 'X31', 'X11', 'X63', 'X54', 'X95', 'X70', 'X39', 'X93', 'X57', 'X15', 'X73', 'X45', 'X67', 'X98', 'X21', 'X62', 'X46', 'X99', 'X78', 'X37', 'X94', 'X9', 'X16', 'X65', 'X52', 'X92', 'X77', 'X72', 'X75', 'X25', 'X79', 'X36', 'X97', 'X61', 'X4', 'X86', 'X87', 'X88', 'X18', 'X71', 'X68', 'X17', 'X20', 'X14', 'X56', 'X27', 'X74', 'X23', 'X28', 'X2', 'X51', 'X29', 'X19', 'X44', 'X33', 'X69', 'X49', 'X32', 'X47', 'X42', 'X13', 'X1', 'X35', 'X26', 'X59', 'X0', 'X7', 'X58', 'X82', 'X83', 'X85', 'X91', 'X22', 'X8', 'X89']"
39,X3,X24,1,0.8743918405638801,0.08677202882344014,1.0,57.888888888888886,0.2222222222222222,"['X81', 'X76', 'X90', 'X12', 'X48', 'X43', 'X38', 'X64', 'X31', 'X11', 'X63', 'X54', 'X84', 'X95', 'X70', 'X39', 'X57', 'X93', 'X15', 'X73', 'X45', 'X67', 'X98', 'X21', 'X62', 'X46', 'X99', 'X78', 'X37', 'X9', 'X55', 'X16', 'X52', 'X65', 'X92', 'X75', 'X72', 'X77', 'X25', 'X79', 'X36', 'X97', 'X61', 'X4', 'X87', 'X86', 'X88', 'X18', 'X71', 'X68', 'X20', 'X17', 'X14', 'X56', 'X27', 'X74', 'X23', 'X28', 'X2', 'X51', 'X29', 'X19', 'X44', 'X33', 'X69', 'X32', 'X49', 'X47', 'X42', 'X13', 'X35', 'X1', 'X26', 'X59', 'X7', 'X58', 'X82', 'X83', 'X85', 'X91', 'X22', 'X8', 'X89']"
40,X40,X0,0,0.43535320460796356,0.3059416722964297,1.0,22.77777777777778,0.6666666666666666,"['X76', 'X90', 'X12', 'X48', 'X43', 'X64', 'X31', 'X11', 'X63', 'X54', 'X39', 'X57', 'X73', 'X67', 'X98', 'X21', 'X62', 'X46', 'X37', 'X94', 'X16', 'X52', 'X77', 'X92', 'X72', 'X25', 'X79', 'X97', 'X4', 'X88', 'X18', 'X20', 'X68', 'X17', 'X14', 'X56', 'X23', 'X28', 'X2', 'X29', 'X19', 'X44', 'X33', 'X32', 'X49', 'X47', 'X42', 'X13', 'X35', 'X1', 'X26', 'X59', 'X7', 'X83', 'X91', 'X22', 'X8']"
41,X40,X0,1,0.8593961894512177,0.2098174793394504,1.0,32.666666666666664,0.6666666666666666,"['X81', 'X76', 'X90', 'X12', 'X48', 'X43', 'X38', 'X64', 'X11', 'X63', 'X54', 'X95', 'X70', 'X39', 'X57', 'X93', 'X15', 'X73', 'X45', 'X67', 'X98', 'X21', 'X62', 'X46', 'X78', 'X37', 'X94', 'X9', 'X16', 'X65', 'X77', 'X75', 'X72', 'X92', 'X25', 'X79', 'X36', 'X97', 'X61', 'X4', 'X88', 'X18', 'X71', 'X68', 'X17', 'X14', 'X56', 'X27', 'X74', 'X23', 'X28', 'X51', 'X29', 'X19', 'X44', 'X33', 'X69', 'X32', 'X49', 'X47', 'X42', 'X13', 'X35', 'X1', 'X26', 'X59', 'X7', 'X58', 'X82', 'X83', 'X22', 'X8']"
42,X24,X3,0,0.08944223299622536,0.08861335841438371,0.5555555555555556,69.2,0.8,"['X81', 'X76', 'X12', 'X43', 'X64', 'X93', 'X73', 'X67', 'X98', 'X62', 'X46', 'X99', 'X92', 'X77', 'X72', 'X75', 'X36', 'X80', 'X61', 'X4', 'X88', 'X18', 'X17', 'X68', 'X56', 'X27', 'X50', 'X74', 'X28', 'X51', 'X19', 'X33', 'X69', 'X32', 'X47', 'X42', 'X1', 'X26', 'X7', 'X83', 'X91', 'X8', 'X5', 'X90', 'X48', 'X38', 'X31', 'X11', 'X63', 'X54', 'X95', 'X70', 'X39', 'X57', 'X15', 'X45', 'X21', 'X78', 'X37', 'X9', 'X55', 'X66', 'X16', 'X65', 'X52', 'X25', 'X79', 'X40', 'X97', 'X87', 'X86', 'X96', 'X71', 'X20', 'X14', 'X23', 'X2', 'X29', 'X44', 'X49', 'X13', 'X35', 'X59', 'X58', 'X82', 'X85', 'X22', 'X89']"
43,X24,X3,1,0.8721059709787369,0.11144334798803576,0.4444444444444444,71.25,0.75,"['X81', 'X53', 'X76', 'X12', 'X43', 'X64', 'X93', 'X73', 'X67', 'X98', 'X62', 'X46', 'X99', 'X77', 'X75', 'X72', 'X92', 'X36', 'X61', 'X4', 'X88', 'X18', 'X17', 'X68', 'X56', 'X27', 'X74', 'X28', 'X51', 'X19', 'X33', 'X69', 'X32', 'X47', 'X42', 'X1', 'X26', 'X0', 'X7', 'X83', 'X91', 'X8', 'X90', 'X48', 'X38', 'X31', 'X11', 'X63', 'X54', 'X95', 'X70', 'X39', 'X57', 'X15', 'X45', 'X21', 'X78', 'X37', 'X94', 'X9', 'X16', 'X65', 'X52', 'X25', 'X79', 'X97', 'X87', 'X86', 'X20', 'X71', 'X14', 'X23', 'X2', 'X29', 'X44', 'X49', 'X13', 'X35', 'X59', 'X58', 'X82', 'X85', 'X22', 'X89']"
44,X86,X94,0,0.5762239611811109,0.3473979800811807,1.0,41.55555555555556,0.4444444444444444,"['X81', 'X76', 'X90', 'X12', 'X48', 'X43', 'X38', 'X64', 'X31', 'X11', 'X63', 'X54', 'X70', 'X39', 'X93', 'X57', 'X15', 'X73', 'X45', 'X67', 'X98', 'X21', 'X62', 'X46', 'X78', 'X37', 'X16', 'X65', 'X52', 'X77', 'X92', 'X72', 'X75', 'X25', 'X79', 'X36', 'X97', 'X61', 'X4', 'X87', 'X88', 'X18', 'X17', 'X68', 'X71', 'X20', 'X14', 'X56', 'X27', 'X74', 'X23', 'X28', 'X2', 'X29', 'X51', 'X19', 'X44', 'X33', 'X69', 'X32', 'X49', 'X47', 'X42', 'X13', 'X1', 'X35', 'X26', 'X59', 'X0', 'X7', 'X58', 'X82', 'X83', 'X85', 'X91', 'X22', 'X8', 'X89']"
45,X86,X94,1,0.9093948966926999,0.17958355012363883,1.0,47.666666666666664,0.4444444444444444,"['X81', 'X76', 'X90', 'X12', 'X48', 'X43', 'X38', 'X64', 'X31', 'X11', 'X63', 'X54', 'X95', 'X70', 'X39', 'X57', 'X93', 'X15', 'X73', 'X45', 'X67', 'X98', 'X21', 'X62', 'X46', 'X99', 'X78', 'X37', 'X9', 'X16', 'X65', 'X52', 'X92', 'X75', 'X77', 'X72', 'X25', 'X79', 'X36', 'X97', 'X4', 'X87', 'X88', 'X18', 'X20', 'X17', 'X68', 'X71', 'X14', 'X56', 'X27', 'X74', 'X23', 'X28', 'X2', 'X29', 'X51', 'X19', 'X44', 'X33', 'X69', 'X32', 'X49', 'X47', 'X42', 'X13', 'X35', 'X1', 'X26', 'X59', 'X0', 'X7', 'X58', 'X82', 'X83', 'X85', 'X91', 'X22', 'X8']"
46,X94,X3,0,0.17992447445350182,0.29680383083143363,1.0,52.888888888888886,0.2222222222222222,"['X81', 'X76', 'X90', 'X12', 'X48', 'X43', 'X38', 'X64', 'X31', 'X11', 'X63', 'X54', 'X95', 'X70', 'X39', 'X93', 'X57', 'X15', 'X73', 'X45', 'X67', 'X98', 'X21', 'X62', 'X46', 'X99', 'X78', 'X37', 'X9', 'X16', 'X65', 'X52', 'X77', 'X92', 'X72', 'X75', 'X25', 'X79', 'X36', 'X97', 'X61', 'X4', 'X87', 'X86', 'X88', 'X18', 'X20', 'X68', 'X17', 'X71', 'X14', 'X56', 'X27', 'X74', 'X23', 'X28', 'X2', 'X29', 'X51', 'X19', 'X44', 'X33', 'X69', 'X32', 'X49', 'X47', 'X42', 'X13', 'X1', 'X35', 'X26', 'X59', 'X7', 'X58', 'X82', 'X83', 'X85', 'X91', 'X22', 'X8', 'X89']"
47,X94,X3,1,0.9779370294676887,0.017649184393079293,1.0,63.55555555555556,0.4444444444444444,"['X81', 'X76', 'X90', 'X12', 'X48', 'X43', 'X38', 'X64', 'X31', 'X11', 'X63', 'X54', 'X95', 'X70', 'X39', 'X93', 'X57', 'X15', 'X73', 'X45', 'X67', 'X98', 'X21', 'X62', 'X46', 'X99', 'X78', 'X37', 'X9', 'X16', 'X65', 'X52', 'X77', 'X75', 'X72', 'X92', 'X25', 'X79', 'X36', 'X97', 'X61', 'X4', 'X87', 'X88', 'X18', 'X71', 'X20', 'X17', 'X68', 'X14', 'X56', 'X27', 'X74', 'X23', 'X28', 'X2', 'X51', 'X29', 'X19', 'X44', 'X33', 'X69', 'X32', 'X49', 'X47', 'X42', 'X13', 'X1', 'X35', 'X26', 'X59', 'X0', 'X7', 'X58', 'X82', 'X83', 'X85', 'X91', 'X22', 'X8', 'X89']"
48,X2,X59,0,0.5876724753114912,0.15427401832168286,1.0,33.22222222222222,0.2222222222222222,"['X81', 'X76', 'X90', 'X12', 'X48', 'X43', 'X38', 'X64', 'X31', 'X11', 'X63', 'X54', 'X70', 'X39', 'X93', 'X57', 'X15', 'X73', 'X45', 'X67', 'X98', 'X21', 'X62', 'X46', 'X78', 'X99', 'X37', 'X94', 'X9', 'X16', 'X65', 'X52', 'X92', 'X77', 'X72', 'X25', 'X79', 'X36', 'X40', 'X97', 'X4', 'X87', 'X88', 'X18', 'X17', 'X71', 'X68', 'X20', 'X14', 'X56', 'X27', 'X74', 'X23', 'X28', 'X51', 'X29', 'X19', 'X44', 'X33', 'X69', 'X49', 'X32', 'X47', 'X42', 'X13', 'X35', 'X1', 'X26', 'X0', 'X7', 'X58', 'X82', 'X83', 'X85', 'X91', 'X22', 'X8', 'X89']"
49,X2,X59,1,0.9414052168528239,0.021836169505250587,1.0,37.888888888888886,0.1111111111111111,"['X81', 'X76', 'X90', 'X12', 'X48', 'X43', 'X38', 'X64', 'X31', 'X11', 'X63', 'X54', 'X70', 'X39', 'X93', 'X57', 'X15', 'X73', 'X45', 'X67', 'X98', 'X21', 'X62', 'X46', 'X78', 'X99', 'X37', 'X94', 'X9', 'X16', 'X52', 'X65', 'X77', 'X92', 'X72', 'X75', 'X25', 'X79', 'X36', 'X40', 'X97', 'X61', 'X4', 'X87', 'X86', 'X88', 'X18', 'X17', 'X68', 'X20', 'X71', 'X14', 'X56', 'X27', 'X3', 'X74', 'X23', 'X28', 'X29', 'X51', 'X19', 'X44', 'X33', 'X69', 'X32', 'X49', 'X47', 'X42', 'X13', 'X35', 'X1', 'X26', 'X0', 'X7', 'X58', 'X82', 'X83', 'X85', 'X91', 'X22', 'X8', 'X89']"
50,X84,X12,0,,,0.0,,,[]
51,X84,X12,1,,,0.0,,,[]
52,X60,X42,0,0.9119320034980773,0.015439791137977527,0.5555555555555556,8.2,0.0,"['X90', 'X48', 'X17', 'X64', 'X14', 'X11', 'X63', 'X50', 'X28', 'X39', 'X44', 'X57', 'X33', 'X73', 'X67', 'X32', 'X21', 'X46', 'X26', 'X59', 'X0', 'X66', 'X16', 'X77', 'X25', 'X79', 'X40', 'X97', 'X22']"
53,X60,X42,1,0.8883905112743378,0.010683996961218757,0.4444444444444444,20.5,0.0,"['X81', 'X53', 'X76', 'X90', 'X48', 'X43', 'X38', 'X64', 'X31', 'X11', 'X63', 'X54', 'X70', 'X39', 'X57', 'X93', 'X15', 'X73', 'X67', 'X98', 'X21', 'X46', 'X78', 'X37', 'X94', 'X66', 'X55', 'X16', 'X65', 'X52', 'X77', 'X92', 'X72', 'X25', 'X79', 'X40', 'X97', 'X4', 'X88', 'X18', 'X17', 'X20', 'X68', 'X14', 'X56', 'X3', 'X23', 'X28', 'X29', 'X19', 'X44', 'X33', 'X32', 'X49', 'X47', 'X13', 'X35', 'X1', 'X26', 'X59', 'X0', 'X7', 'X83', 'X91', 'X22', 'X8', 'X89']"
54,X0,X3,0,0.30803056061267853,0.2786454662023385,1.0,49.0,0.3333333333333333,"['X81', 'X76', 'X12', 'X43', 'X64', 'X93', 'X73', 'X67', 'X98', 'X62', 'X46', 'X99', 'X77', 'X92', 'X72', 'X75', 'X36', 'X61', 'X4', 'X88', 'X18', 'X17', 'X68', 'X56', 'X27', 'X74', 'X28', 'X51', 'X19', 'X33', 'X69', 'X32', 'X47', 'X42', 'X1', 'X26', 'X7', 'X83', 'X91', 'X8', 'X90', 'X48', 'X38', 'X31', 'X11', 'X63', 'X54', 'X95', 'X70', 'X39', 'X57', 'X15', 'X45', 'X21', 'X78', 'X37', 'X9', 'X16', 'X52', 'X65', 'X25', 'X79', 'X97', 'X86', 'X87', 'X20', 'X71', 'X14', 'X23', 'X2', 'X29', 'X44', 'X49', 'X13', 'X35', 'X59', 'X58', 'X82', 'X85', 'X22', 'X89']"
55,X0,X3,1,0.8839223848448859,0.14729616930143022,1.0,56.111111111111114,0.2222222222222222,"['X81', 'X76', 'X12', 'X43', 'X64', 'X93', 'X73', 'X67', 'X98', 'X62', 'X46', 'X99', 'X92', 'X77', 'X72', 'X75', 'X36', 'X61', 'X4', 'X88', 'X18', 'X17', 'X68', 'X56', 'X27', 'X74', 'X28', 'X51', 'X19', 'X33', 'X69', 'X32', 'X47', 'X42', 'X1', 'X26', 'X7', 'X83', 'X91', 'X8', 'X90', 'X48', 'X38', 'X31', 'X11', 'X63', 'X54', 'X95', 'X70', 'X39', 'X57', 'X15', 'X45', 'X21', 'X78', 'X37', 'X9', 'X52', 'X65', 'X16', 'X25', 'X79', 'X97', 'X86', 'X87', 'X20', 'X71', 'X14', 'X23', 'X2', 'X29', 'X44', 'X49', 'X13', 'X35', 'X59', 'X58', 'X82', 'X85', 'X22', 'X89']"
56,X12,X82,0,0.7135699838399887,0.25583997473309317,1.0,40.22222222222222,0.1111111111111111,"['X81', 'X76', 'X90', 'X48', 'X43', 'X38', 'X64', 'X31', 'X11', 'X63', 'X54', 'X95', 'X70', 'X39', 'X93', 'X57', 'X15', 'X73', 'X45', 'X67', 'X98', 'X21', 'X62', 'X46', 'X78', 'X99', 'X37', 'X94', 'X9', 'X16', 'X65', 'X52', 'X77', 'X75', 'X72', 'X92', 'X25', 'X79', 'X36', 'X40', 'X97', 'X61', 'X4', 'X87', 'X86', 'X88', 'X18', 'X71', 'X20', 'X68', 'X17', 'X14', 'X56', 'X3', 'X27', 'X74', 'X23', 'X28', 'X2', 'X29', 'X51', 'X19', 'X44', 'X33', 'X69', 'X49', 'X32', 'X47', 'X42', 'X13', 'X1', 'X35', 'X26', 'X59', 'X0', 'X7', 'X58', 'X83', 'X85', 'X91', 'X22', 'X8', 'X89']"
57,X12,X82,1,0.2277565561234951,0.2258813375499163,1.0,51.77777777777778,0.2222222222222222,"['X81', 'X76', 'X43', 'X64', 'X93', 'X73', 'X67', 'X98', 'X62', 'X46', 'X99', 'X77', 'X75', 'X92', 'X72', 'X36', 'X61', 'X4', 'X88', 'X18', 'X17', 'X68', 'X56', 'X27', 'X3', 'X74', 'X28', 'X51', 'X19', 'X33', 'X69', 'X32', 'X47', 'X42', 'X1', 'X26', 'X0', 'X7', 'X83', 'X91', 'X8', 'X90', 'X48', 'X38', 'X31', 'X11', 'X63', 'X54', 'X95', 'X70', 'X39', 'X57', 'X15', 'X45', 'X21', 'X78', 'X37', 'X94', 'X9', 'X52', 'X65', 'X16', 'X25', 'X79', 'X40', 'X97', 'X86', 'X87', 'X71', 'X20', 'X14', 'X23', 'X2', 'X29', 'X44', 'X49', 'X13', 'X35', 'X59', 'X58', 'X85', 'X22', 'X89']"
58,X42,X60,0,0.7053118944168091,0.0,1.0,0.0,0.0,[]
59,X42,X60,1,0.6951978206634521,0.02438633513579733,1.0,3.111111111111111,0.0,"['X81', 'X53', 'X67', 'X90', 'X32', 'X21', 'X46', 'X64', 'X14', 'X78', 'X26', 'X63', 'X59', 'X0', 'X66', 'X16', 'X85', 'X70', 'X28', 'X77', 'X25', 'X79', 'X44', 'X97', 'X22', 'X57', 'X33', 'X73']"
60,X59,X86,0,0.14620524448239142,0.3020139538182541,1.0,52.333333333333336,0.2222222222222222,"['X81', 'X76', 'X90', 'X12', 'X48', 'X43', 'X38', 'X64', 'X31', 'X11', 'X63', 'X54', 'X95', 'X70', 'X39', 'X93', 'X57', 'X15', 'X73', 'X45', 'X67', 'X98', 'X21', 'X62', 'X46', 'X78', 'X99', 'X37', 'X9', 'X52', 'X65', 'X16', 'X77', 'X75', 'X92', 'X72', 'X25', 'X79', 'X36', 'X97', 'X61', 'X4', 'X87', 'X88', 'X18', 'X17', 'X68', 'X20', 'X71', 'X14', 'X56', 'X27', 'X3', 'X74', 'X23', 'X28', 'X2', 'X29', 'X51', 'X19', 'X44', 'X33', 'X69', 'X32', 'X49', 'X47', 'X42', 'X13', 'X35', 'X1', 'X26', 'X0', 'X7', 'X58', 'X82', 'X83', 'X85', 'X91', 'X22', 'X8', 'X89']"
61,X59,X86,1,0.8980360759629143,0.13209760350998648,1.0,46.333333333333336,0.1111111111111111,"['X81', 'X76', 'X90', 'X12', 'X48', 'X43', 'X38', 'X64', 'X31', 'X11', 'X63', 'X54', 'X95', 'X70', 'X39', 'X57', 'X93', 'X15', 'X73', 'X45', 'X67', 'X98', 'X21', 'X62', 'X46', 'X78', 'X99', 'X37', 'X9', 'X16', 'X65', 'X52', 'X77', 'X92', 'X75', 'X72', 'X25', 'X79', 'X36', 'X97', 'X61', 'X4', 'X87', 'X88', 'X18', 'X17', 'X68', 'X71', 'X20', 'X14', 'X56', 'X27', 'X3', 'X74', 'X23', 'X28', 'X2', 'X51', 'X29', 'X19', 'X44', 'X33', 'X69', 'X49', 'X32', 'X47', 'X42', 'X13', 'X1', 'X35', 'X26', 'X0', 'X7', 'X58', 'X82', 'X83', 'X85', 'X91', 'X22', 'X8', 'X89']"
62,X64,X66,0,0.7384874224662781,0.08997333557488967,1.0,33.44444444444444,0.0,"['X81', 'X53', 'X76', 'X90', 'X12', 'X48', 'X43', 'X38', 'X31', 'X11', 'X63', 'X54', 'X95', 'X70', 'X39', 'X93', 'X57', 'X15', 'X73', 'X45', 'X67', 'X98', 'X21', 'X62', 'X46', 'X99', 'X78', 'X37', 'X94', 'X9', 'X52', 'X16', 'X65', 'X92', 'X75', 'X72', 'X77', 'X25', 'X79', 'X36', 'X97', 'X61', 'X4', 'X87', 'X88', 'X18', 'X20', 'X68', 'X71', 'X17', 'X14', 'X56', 'X3', 'X27', 'X74', 'X23', 'X28', 'X2', 'X29', 'X51', 'X19', 'X44', 'X33', 'X69', 'X49', 'X32', 'X47', 'X42', 'X13', 'X1', 'X35', 'X26', 'X59', 'X7', 'X58', 'X82', 'X83', 'X85', 'X91', 'X22', 'X8', 'X89']"
63,X64,X66,1,0.805873175462087,0.10426115710622148,1.0,32.888888888888886,0.0,"['X81', 'X76', 'X90', 'X48', 'X43', 'X38', 'X31', 'X11', 'X63', 'X54', 'X95', 'X70', 'X39', 'X57', 'X93', 'X15', 'X73', 'X45', 'X67', 'X98', 'X21', 'X62', 'X46', 'X78', 'X99', 'X37', 'X94', 'X55', 'X52', 'X65', 'X16', 'X92', 'X75', 'X72', 'X77', 'X25', 'X79', 'X36', 'X97', 'X4', 'X86', 'X87', 'X88', 'X18', 'X17', 'X68', 'X20', 'X14', 'X56', 'X27', 'X74', 'X23', 'X28', 'X2', 'X29', 'X51', 'X19', 'X44', 'X33', 'X69', 'X32', 'X49', 'X47', 'X42', 'X13', 'X1', 'X35', 'X26', 'X59', 'X0', 'X7', 'X58', 'X82', 'X83', 'X85', 'X91', 'X22', 'X8', 'X89']"
64,X0,X99,0,0.4818705523179637,0.3774581807810695,1.0,50.888888888888886,1.0,"['X81', 'X76', 'X90', 'X12', 'X48', 'X43', 'X38', 'X64', 'X31', 'X11', 'X63', 'X54', 'X95', 'X70', 'X39', 'X93', 'X57', 'X15', 'X73', 'X45', 'X67', 'X98', 'X21', 'X62', 'X46', 'X78', 'X37', 'X94', 'X9', 'X52', 'X65', 'X16', 'X77', 'X92', 'X72', 'X75', 'X25', 'X79', 'X36', 'X97', 'X4', 'X86', 'X87', 'X88', 'X18', 'X17', 'X68', 'X20', 'X71', 'X14', 'X56', 'X27', 'X3', 'X74', 'X23', 'X28', 'X2', 'X29', 'X51', 'X19', 'X44', 'X33', 'X69', 'X32', 'X49', 'X47', 'X42', 'X13', 'X35', 'X1', 'X26', 'X59', 'X7', 'X58', 'X82', 'X83', 'X85', 'X91', 'X22', 'X8', 'X89']"
65,X0,X99,1,0.8674109048313565,0.17539235412349027,1.0,60.0,0.7777777777777778,"['X81', 'X76', 'X90', 'X12', 'X48', 'X43', 'X38', 'X64', 'X31', 'X11', 'X63', 'X54', 'X95', 'X70', 'X39', 'X93', 'X57', 'X15', 'X73', 'X45', 'X67', 'X98', 'X21', 'X62', 'X46', 'X78', 'X37', 'X94', 'X9', 'X52', 'X65', 'X16', 'X92', 'X77', 'X72', 'X75', 'X25', 'X79', 'X36', 'X97', 'X61', 'X4', 'X86', 'X87', 'X88', 'X18', 'X17', 'X68', 'X20', 'X71', 'X14', 'X56', 'X27', 'X74', 'X23', 'X28', 'X2', 'X29', 'X51', 'X19', 'X44', 'X33', 'X69', 'X49', 'X32', 'X47', 'X42', 'X13', 'X35', 'X1', 'X26', 'X59', 'X7', 'X58', 'X82', 'X83', 'X85', 'X91', 'X22', 'X8', 'X89']"
66,X40,X86,0,0.5002342230743833,0.07188300718393908,1.0,20.666666666666668,0.0,"['X81', 'X76', 'X90', 'X12', 'X48', 'X43', 'X38', 'X64', 'X31', 'X11', 'X63', 'X54', 'X70', 'X39', 'X57', 'X93', 'X73', 'X45', 'X67', 'X98', 'X21', 'X46', 'X99', 'X78', 'X37', 'X52', 'X65', 'X16', 'X92', 'X77', 'X72', 'X25', 'X79', 'X36', 'X97', 'X61', 'X4', 'X87', 'X88', 'X18', 'X71', 'X68', 'X17', 'X20', 'X14', 'X56', 'X27', 'X74', 'X23', 'X28', 'X2', 'X51', 'X29', 'X19', 'X44', 'X33', 'X69', 'X32', 'X49', 'X47', 'X42', 'X13', 'X1', 'X35', 'X26', 'X7', 'X58', 'X82', 'X83', 'X85', 'X91', 'X22', 'X8', 'X89']"
67,X40,X86,1,0.8196166025267707,0.12071578175875933,1.0,12.666666666666666,0.0,"['X76', 'X90', 'X87', 'X12', 'X71', 'X68', 'X11', 'X56', 'X27', 'X74', 'X23', 'X29', 'X51', 'X19', 'X69', 'X45', 'X67', 'X32', 'X98', 'X49', 'X47', 'X62', 'X13', 'X1', 'X37', 'X26', 'X7', 'X58', 'X83', 'X92', 'X75', 'X72', 'X79', 'X36', 'X61', 'X4']"
68,X89,X98,0,0.0021856437427535034,0.0018753874514258737,1.0,56.888888888888886,0.6666666666666666,"['X81', 'X76', 'X12', 'X43', 'X64', 'X93', 'X73', 'X67', 'X62', 'X46', 'X99', 'X92', 'X77', 'X72', 'X75', 'X36', 'X61', 'X4', 'X88', 'X18', 'X17', 'X68', 'X56', 'X27', 'X3', 'X74', 'X28', 'X51', 'X19', 'X33', 'X69', 'X32', 'X47', 'X42', 'X1', 'X26', 'X0', 'X7', 'X83', 'X91', 'X8', 'X90', 'X48', 'X38', 'X31', 'X11', 'X63', 'X54', 'X95', 'X70', 'X39', 'X57', 'X15', 'X45', 'X21', 'X78', 'X37', 'X94', 'X9', 'X16', 'X65', 'X52', 'X25', 'X79', 'X40', 'X97', 'X87', 'X86', 'X20', 'X71', 'X14', 'X23', 'X2', 'X29', 'X44', 'X49', 'X13', 'X35', 'X59', 'X58', 'X82', 'X85', 'X22']"
69,X89,X98,1,0.7411613084065417,0.39757847918536665,1.0,68.33333333333333,0.7777777777777778,"['X81', 'X76', 'X12', 'X43', 'X64', 'X93', 'X73', 'X67', 'X62', 'X46', 'X99', 'X77', 'X92', 'X72', 'X75', 'X36', 'X61', 'X4', 'X88', 'X18', 'X17', 'X68', 'X56', 'X27', 'X3', 'X74', 'X28', 'X51', 'X19', 'X33', 'X69', 'X32', 'X47', 'X42', 'X1', 'X26', 'X0', 'X7', 'X83', 'X91', 'X8', 'X90', 'X48', 'X38', 'X31', 'X11', 'X63', 'X54', 'X95', 'X70', 'X39', 'X57', 'X15', 'X45', 'X21', 'X78', 'X37', 'X94', 'X9', 'X16', 'X65', 'X52', 'X25', 'X79', 'X97', 'X87', 'X86', 'X20', 'X71', 'X14', 'X23', 'X2', 'X29', 'X44', 'X49', 'X13', 'X35', 'X59', 'X58', 'X82', 'X85', 'X22']"
70,X40,X24,0,0.5298085908095042,0.03026202072681674,1.0,2.3333333333333335,0.0,"['X90', 'X98', 'X62', 'X1', 'X11', 'X56', 'X7', 'X16', 'X83', 'X77', 'X28', 'X79', 'X19', 'X57']"
71,X40,X24,1,0.7465779185295105,0.040234375141497754,1.0,4.0,0.0,"['X87', 'X76', 'X12', 'X71', 'X68', 'X11', 'X56', 'X27', 'X74', 'X23', 'X28', 'X29', 'X51', 'X19', 'X73', 'X69', 'X67', 'X49', 'X98', 'X32', 'X62', 'X13', 'X1', 'X37', 'X26', 'X7', 'X83', 'X77', 'X75', 'X72', 'X79', 'X36', 'X61', 'X4']"
72,X3,X94,0,0.07126501723865254,0.04096105379366138,1.0,60.111111111111114,0.2222222222222222,"['X81', 'X76', 'X90', 'X12', 'X48', 'X43', 'X38', 'X64', 'X31', 'X11', 'X63', 'X54', 'X95', 'X70', 'X39', 'X57', 'X93', 'X15', 'X73', 'X45', 'X67', 'X98', 'X21', 'X62', 'X46', 'X99', 'X78', 'X37', 'X9', 'X52', 'X65', 'X16', 'X77', 'X75', 'X72', 'X92', 'X25', 'X79', 'X36', 'X97', 'X61', 'X4', 'X87', 'X88', 'X18', 'X20', 'X71', 'X68', 'X17', 'X14', 'X56', 'X27', 'X74', 'X23', 'X28', 'X2', 'X51', 'X29', 'X19', 'X44', 'X33', 'X69', 'X49', 'X32', 'X47', 'X42', 'X13', 'X1', 'X35', 'X26', 'X59', 'X0', 'X7', 'X58', 'X82', 'X83', 'X85', 'X91', 'X22', 'X8', 'X89']"
73,X3,X94,1,0.8827004002200233,0.28868469320779105,1.0,55.55555555555556,0.4444444444444444,"['X81', 'X76', 'X90', 'X12', 'X48', 'X43', 'X38', 'X64', 'X31', 'X11', 'X63', 'X54', 'X95', 'X70', 'X39', 'X57', 'X93', 'X15', 'X73', 'X45', 'X67', 'X98', 'X21', 'X62', 'X46', 'X99', 'X78', 'X37', 'X9', 'X16', 'X65', 'X52', 'X77', 'X75', 'X72', 'X92', 'X25', 'X79', 'X36', 'X97', 'X61', 'X4', 'X87', 'X88', 'X18', 'X20', 'X71', 'X17', 'X68', 'X14', 'X56', 'X27', 'X74', 'X23', 'X28', 'X2', 'X29', 'X51', 'X19', 'X44', 'X33', 'X69', 'X49', 'X32', 'X47', 'X42', 'X13', 'X35', 'X1', 'X26', 'X59', 'X0', 'X7', 'X58', 'X82', 'X83', 'X85', 'X91', 'X22', 'X8', 'X89']"
74,X21,X66,0,0.46691522664493984,0.003319049924794021,1.0,1.0,0.0,"['X44', 'X48', 'X42', 'X73']"
75,X21,X66,1,0.41175653961383635,0.14489700676401593,1.0,4.555555555555555,0.1111111111111111,"['X76', 'X90', 'X88', 'X18', 'X48', 'X17', 'X14', 'X11', 'X63', 'X23', 'X28', 'X39', 'X44', 'X93', 'X33', 'X57', 'X73', 'X67', 'X32', 'X49', 'X47', 'X46', 'X35', 'X99', 'X26', 'X59', 'X94', 'X16', 'X65', 'X77', 'X92', 'X25', 'X97', 'X22', 'X8']"
76,X66,X64,0,0.5071713253855705,0.15527724607553609,0.4444444444444444,31.75,0.0,"['X81', 'X53', 'X76', 'X90', 'X48', 'X43', 'X38', 'X31', 'X11', 'X63', 'X54', 'X95', 'X70', 'X39', 'X93', 'X57', 'X15', 'X73', 'X45', 'X67', 'X98', 'X21', 'X62', 'X46', 'X99', 'X78', 'X37', 'X94', 'X9', 'X55', 'X16', 'X65', 'X77', 'X92', 'X72', 'X25', 'X79', 'X36', 'X97', 'X80', 'X4', 'X88', 'X18', 'X17', 'X68', 'X20', 'X14', 'X56', 'X23', 'X28', 'X51', 'X29', 'X19', 'X44', 'X33', 'X60', 'X69', 'X32', 'X49', 'X47', 'X42', 'X13', 'X35', 'X1', 'X26', 'X59', 'X0', 'X7', 'X58', 'X82', 'X83', 'X85', 'X91', 'X6', 'X22', 'X8']"
77,X66,X64,1,0.3246759958565235,0.2877022437751293,0.2222222222222222,63.5,0.0,"['X53', 'X76', 'X90', 'X48', 'X43', 'X38', 'X31', 'X11', 'X63', 'X54', 'X39', 'X57', 'X93', 'X24', 'X73', 'X45', 'X67', 'X98', 'X21', 'X62', 'X46', 'X99', 'X37', 'X94', 'X55', 'X16', 'X65', 'X52', 'X77', 'X92', 'X72', 'X75', 'X25', 'X79', 'X36', 'X40', 'X97', 'X4', 'X88', 'X18', 'X17', 'X68', 'X20', 'X71', 'X14', 'X56', 'X27', 'X50', 'X74', 'X23', 'X28', 'X29', 'X51', 'X19', 'X44', 'X33', 'X69', 'X32', 'X49', 'X47', 'X42', 'X13', 'X35', 'X1', 'X26', 'X59', 'X0', 'X7', 'X58', 'X82', 'X83', 'X91', 'X22', 'X8']"
78,X92,X34,0,0.581010083357493,0.3189871705487614,1.0,51.0,0.0,"['X81', 'X76', 'X90', 'X12', 'X48', 'X43', 'X38', 'X64', 'X31', 'X11', 'X63', 'X54', 'X70', 'X39', 'X57', 'X93', 'X15', 'X73', 'X45', 'X67', 'X98', 'X21', 'X62', 'X46', 'X99', 'X78', 'X37', 'X94', 'X9', 'X52', 'X65', 'X16', 'X77', 'X75', 'X72', 'X25', 'X79', 'X36', 'X40', 'X97', 'X61', 'X4', 'X87', 'X86', 'X88', 'X18', 'X17', 'X20', 'X71', 'X68', 'X14', 'X56', 'X27', 'X3', 'X74', 'X23', 'X28', 'X2', 'X51', 'X29', 'X19', 'X44', 'X33', 'X69', 'X49', 'X32', 'X47', 'X42', 'X13', 'X1', 'X35', 'X26', 'X59', 'X7', 'X58', 'X82', 'X83', 'X85', 'X91', 'X22', 'X8', 'X89']"
79,X92,X34,1,0.5662231296300888,0.32450669465745,1.0,56.111111111111114,0.0,"['X81', 'X76', 'X90', 'X12', 'X48', 'X43', 'X38', 'X64', 'X31', 'X11', 'X63', 'X54', 'X95', 'X70', 'X39', 'X93', 'X57', 'X15', 'X73', 'X45', 'X67', 'X98', 'X21', 'X62', 'X46', 'X99', 'X78', 'X37', 'X94', 'X9', 'X16', 'X65', 'X52', 'X77', 'X75', 'X72', 'X25', 'X79', 'X36', 'X40', 'X97', 'X61', 'X4', 'X86', 'X87', 'X88', 'X18', 'X20', 'X68', 'X17', 'X71', 'X14', 'X56', 'X3', 'X27', 'X74', 'X23', 'X28', 'X2', 'X29', 'X51', 'X19', 'X44', 'X33', 'X69', 'X49', 'X32', 'X47', 'X42', 'X13', 'X35', 'X1', 'X26', 'X59', 'X0', 'X7', 'X58', 'X82', 'X83', 'X85', 'X91', 'X22', 'X8', 'X89']"
80,X98,X89,0,0.7256005273924934,0.04402272877138936,1.0,57.22222222222222,0.5555555555555556,"['X81', 'X76', 'X90', 'X12', 'X48', 'X43', 'X38', 'X64', 'X31', 'X11', 'X63', 'X54', 'X95', 'X70', 'X39', 'X93', 'X57', 'X15', 'X73', 'X45', 'X67', 'X21', 'X62', 'X46', 'X78', 'X99', 'X37', 'X94', 'X9', 'X16', 'X52', 'X65', 'X77', 'X92', 'X75', 'X72', 'X25', 'X79', 'X36', 'X40', 'X97', 'X61', 'X4', 'X86', 'X87', 'X88', 'X18', 'X17', 'X20', 'X71', 'X68', 'X14', 'X56', 'X27', 'X3', 'X74', 'X23', 'X28', 'X2', 'X29', 'X51', 'X19', 'X44', 'X33', 'X69', 'X32', 'X49', 'X47', 'X42', 'X13', 'X1', 'X35', 'X26', 'X59', 'X0', 'X7', 'X58', 'X82', 'X83', 'X85', 'X91', 'X22', 'X8']"
81,X98,X89,1,0.9967174861166213,0.0044442306156995915,1.0,57.0,0.3333333333333333,"['X81', 'X76', 'X90', 'X12', 'X48', 'X43', 'X38', 'X64', 'X31', 'X11', 'X63', 'X54', 'X95', 'X70', 'X39', 'X57', 'X93', 'X15', 'X73', 'X45', 'X67', 'X21', 'X62', 'X46', 'X99', 'X78', 'X37', 'X94', 'X9', 'X52', 'X65', 'X16', 'X92', 'X77', 'X72', 'X75', 'X25', 'X79', 'X36', 'X40', 'X97', 'X61', 'X4', 'X86', 'X87', 'X88', 'X18', 'X20', 'X17', 'X68', 'X71', 'X14', 'X56', 'X3', 'X27', 'X74', 'X23', 'X28', 'X2', 'X29', 'X51', 'X19', 'X44', 'X33', 'X69', 'X49', 'X32', 'X47', 'X42', 'X13', 'X1', 'X35', 'X26', 'X59', 'X0', 'X7', 'X58', 'X82', 'X83', 'X85', 'X91', 'X22', 'X8']"
82,X84,X8,0,,,0.0,,,[]
83,X84,X8,1,,,0.0,,,[]
84,X41,X85,0,,,0.0,,,[]
85,X41,X85,1,,,0.0,,,[]
86,X66,X21,0,0.3641592897474766,0.17203262627575877,0.4444444444444444,24.75,0.25,"['X81', 'X76', 'X90', 'X12', 'X48', 'X43', 'X64', 'X31', 'X11', 'X63', 'X54', 'X95', 'X70', 'X39', 'X57', 'X93', 'X15', 'X73', 'X45', 'X67', 'X62', 'X46', 'X99', 'X78', 'X9', 'X16', 'X77', 'X92', 'X75', 'X79', 'X36', 'X40', 'X97', 'X61', 'X4', 'X87', 'X88', 'X18', 'X17', 'X20', 'X68', 'X71', 'X14', 'X56', 'X27', 'X50', 'X74', 'X23', 'X28', 'X51', 'X19', 'X44', 'X33', 'X60', 'X69', 'X32', 'X47', 'X42', 'X13', 'X1', 'X35', 'X26', 'X59', 'X83', 'X85', 'X22']"
87,X66,X21,1,0.6209810574849447,0.2451539649894,0.3333333333333333,39.0,0.3333333333333333,"['X81', 'X53', 'X76', 'X90', 'X48', 'X43', 'X38', 'X64', 'X31', 'X11', 'X63', 'X54', 'X70', 'X39', 'X57', 'X93', 'X15', 'X73', 'X45', 'X67', 'X62', 'X46', 'X99', 'X78', 'X37', 'X9', 'X52', 'X65', 'X16', 'X77', 'X92', 'X75', 'X72', 'X25', 'X79', 'X36', 'X40', 'X97', 'X61', 'X4', 'X87', 'X88', 'X18', 'X17', 'X68', 'X71', 'X20', 'X14', 'X56', 'X27', 'X3', 'X74', 'X23', 'X28', 'X29', 'X51', 'X19', 'X44', 'X33', 'X69', 'X32', 'X49', 'X47', 'X42', 'X13', 'X1', 'X35', 'X26', 'X59', 'X7', 'X58', 'X82', 'X83', 'X85', 'X91', 'X6', 'X22', 'X89']"
88,X95,X25,0,0.12301729226277934,0.13136006356003668,1.0,70.33333333333333,0.0,"['X81', 'X53', 'X76', 'X12', 'X43', 'X64', 'X93', 'X73', 'X67', 'X98', 'X62', 'X46', 'X99', 'X77', 'X75', 'X72', 'X92', 'X36', 'X61', 'X4', 'X88', 'X18', 'X17', 'X68', 'X56', 'X27', 'X3', 'X74', 'X28', 'X51', 'X19', 'X33', 'X69', 'X32', 'X47', 'X42', 'X1', 'X26', 'X0', 'X7', 'X83', 'X91', 'X8', 'X90', 'X48', 'X38', 'X31', 'X11', 'X63', 'X54', 'X70', 'X39', 'X57', 'X15', 'X45', 'X21', 'X78', 'X37', 'X94', 'X9', 'X16', 'X65', 'X52', 'X79', 'X40', 'X97', 'X87', 'X86', 'X71', 'X20', 'X14', 'X23', 'X2', 'X29', 'X44', 'X49', 'X13', 'X35', 'X59', 'X58', 'X82', 'X85', 'X22', 'X89']"
89,X95,X25,1,0.10629276155183713,0.1311420355391566,1.0,64.55555555555556,0.0,"['X81', 'X53', 'X76', 'X12', 'X43', 'X64', 'X93', 'X73', 'X67', 'X98', 'X62', 'X46', 'X99', 'X77', 'X92', 'X75', 'X72', 'X36', 'X61', 'X4', 'X88', 'X18', 'X17', 'X68', 'X56', 'X27', 'X3', 'X74', 'X28', 'X51', 'X19', 'X33', 'X69', 'X32', 'X47', 'X42', 'X1', 'X26', 'X0', 'X7', 'X83', 'X91', 'X8', 'X90', 'X48', 'X38', 'X31', 'X11', 'X63', 'X54', 'X70', 'X39', 'X57', 'X15', 'X45', 'X21', 'X78', 'X37', 'X94', 'X9', 'X16', 'X65', 'X52', 'X79', 'X97', 'X86', 'X87', 'X20', 'X71', 'X14', 'X23', 'X2', 'X29', 'X44', 'X49', 'X13', 'X35', 'X59', 'X58', 'X82', 'X85', 'X22', 'X89']"
90,X40,X3,0,0.22284437550438774,0.05348741889687771,1.0,56.77777777777778,0.6666666666666666,"['X81', 'X76', 'X90', 'X12', 'X48', 'X43', 'X38', 'X64', 'X31', 'X11', 'X63', 'X54', 'X95', 'X70', 'X39', 'X93', 'X57', 'X15', 'X73', 'X45', 'X67', 'X98', 'X21', 'X62', 'X46', 'X99', 'X78', 'X37', 'X9', 'X16', 'X65', 'X52', 'X77', 'X75', 'X72', 'X92', 'X25', 'X79', 'X36', 'X97', 'X61', 'X4', 'X87', 'X88', 'X18', 'X17', 'X20', 'X68', 'X71', 'X14', 'X56', 'X27', 'X74', 'X23', 'X28', 'X2', 'X29', 'X51', 'X19', 'X44', 'X33', 'X69', 'X49', 'X32', 'X47', 'X42', 'X13', 'X35', 'X1', 'X26', 'X59', 'X7', 'X58', 'X82', 'X83', 'X85', 'X91', 'X22', 'X8', 'X89']"
91,X40,X3,1,0.9684433672163222,0.021814707320628183,1.0,58.333333333333336,0.4444444444444444,"['X81', 'X76', 'X90', 'X12', 'X48', 'X43', 'X38', 'X64', 'X31', 'X11', 'X63', 'X54', 'X95', 'X70', 'X39', 'X93', 'X57', 'X15', 'X73', 'X45', 'X67', 'X98', 'X21', 'X62', 'X46', 'X99', 'X78', 'X37', 'X9', 'X16', 'X65', 'X52', 'X92', 'X77', 'X75', 'X72', 'X25', 'X79', 'X36', 'X97', 'X61', 'X4', 'X87', 'X88', 'X18', 'X20', 'X68', 'X71', 'X17', 'X14', 'X56', 'X27', 'X74', 'X23', 'X28', 'X2', 'X29', 'X51', 'X19', 'X44', 'X33', 'X69', 'X49', 'X32', 'X47', 'X42', 'X13', 'X35', 'X1', 'X26', 'X59', 'X7', 'X58', 'X82', 'X83', 'X85', 'X91', 'X22', 'X8', 'X89']"
92,X82,X12,0,0.846828990512424,0.10152017164622101,1.0,31.333333333333332,0.2222222222222222,"['X81', 'X76', 'X90', 'X48', 'X43', 'X38', 'X64', 'X31', 'X11', 'X63', 'X54', 'X70', 'X39', 'X57', 'X93', 'X73', 'X45', 'X67', 'X98', 'X21', 'X62', 'X46', 'X99', 'X78', 'X37', 'X94', 'X16', 'X52', 'X65', 'X77', 'X92', 'X72', 'X75', 'X25', 'X79', 'X36', 'X40', 'X97', 'X61', 'X4', 'X86', 'X87', 'X88', 'X18', 'X71', 'X68', 'X17', 'X14', 'X56', 'X27', 'X74', 'X23', 'X28', 'X51', 'X29', 'X19', 'X44', 'X33', 'X69', 'X32', 'X49', 'X47', 'X42', 'X13', 'X1', 'X35', 'X26', 'X59', 'X7', 'X58', 'X83', 'X91', 'X22', 'X8']"
93,X82,X12,1,0.1891661640515344,0.1511161504901544,1.0,45.55555555555556,0.1111111111111111,"['X81', 'X76', 'X43', 'X64', 'X93', 'X73', 'X67', 'X98', 'X62', 'X46', 'X99', 'X92', 'X75', 'X72', 'X77', 'X36', 'X61', 'X4', 'X88', 'X18', 'X17', 'X68', 'X56', 'X27', 'X3', 'X74', 'X28', 'X51', 'X19', 'X33', 'X69', 'X32', 'X47', 'X42', 'X1', 'X26', 'X0', 'X7', 'X83', 'X91', 'X8', 'X90', 'X48', 'X38', 'X31', 'X11', 'X63', 'X54', 'X95', 'X70', 'X39', 'X57', 'X15', 'X45', 'X21', 'X78', 'X37', 'X94', 'X9', 'X16', 'X65', 'X52', 'X25', 'X79', 'X40', 'X97', 'X87', 'X86', 'X71', 'X20', 'X14', 'X23', 'X2', 'X29', 'X44', 'X49', 'X13', 'X35', 'X59', 'X58', 'X85', 'X22', 'X89']"
94,X86,X40,0,0.5068979991806878,0.12120312406029451,1.0,10.555555555555555,0.0,"['X76', 'X90', 'X12', 'X68', 'X64', 'X11', 'X56', 'X27', 'X74', 'X23', 'X28', 'X39', 'X29', 'X19', 'X33', 'X69', 'X67', 'X32', 'X49', 'X98', 'X47', 'X62', 'X13', 'X1', 'X37', 'X26', 'X7', 'X16', 'X92', 'X77', 'X72', 'X79', 'X36', 'X61', 'X4']"
95,X86,X40,1,0.8007921907636855,0.06742953841321107,1.0,11.333333333333334,0.1111111111111111,"['X76', 'X90', 'X87', 'X12', 'X71', 'X68', 'X64', 'X14', 'X11', 'X56', 'X27', 'X74', 'X23', 'X39', 'X29', 'X51', 'X19', 'X44', 'X57', 'X33', 'X73', 'X69', 'X45', 'X67', 'X32', 'X98', 'X49', 'X47', 'X62', 'X42', 'X46', 'X13', 'X1', 'X37', 'X26', 'X59', 'X7', 'X58', 'X16', 'X83', 'X77', 'X75', 'X72', 'X92', 'X79', 'X36', 'X61', 'X22', 'X4']"
96,X59,X2,0,0.07533204312332803,0.11278357974018328,1.0,47.44444444444444,0.4444444444444444,"['X81', 'X76', 'X12', 'X43', 'X64', 'X93', 'X73', 'X67', 'X98', 'X62', 'X46', 'X99', 'X92', 'X75', 'X72', 'X77', 'X36', 'X61', 'X4', 'X88', 'X18', 'X17', 'X68', 'X56', 'X27', 'X3', 'X74', 'X28', 'X51', 'X19', 'X33', 'X69', 'X32', 'X47', 'X42', 'X1', 'X26', 'X0', 'X7', 'X83', 'X91', 'X8', 'X90', 'X48', 'X38', 'X31', 'X11', 'X63', 'X54', 'X95', 'X70', 'X39', 'X57', 'X15', 'X45', 'X21', 'X78', 'X37', 'X94', 'X9', 'X16', 'X52', 'X65', 'X25', 'X79', 'X97', 'X87', 'X86', 'X20', 'X71', 'X14', 'X23', 'X29', 'X44', 'X49', 'X13', 'X35', 'X58', 'X82', 'X85', 'X22', 'X89']"
97,X59,X2,1,0.6495324881333444,0.4293597717458149,1.0,46.666666666666664,0.3333333333333333,"['X81', 'X76', 'X90', 'X12', 'X48', 'X43', 'X38', 'X64', 'X31', 'X11', 'X63', 'X54', 'X95', 'X70', 'X39', 'X93', 'X57', 'X15', 'X73', 'X45', 'X67', 'X98', 'X21', 'X62', 'X46', 'X99', 'X78', 'X37', 'X94', 'X9', 'X16', 'X65', 'X52', 'X92', 'X75', 'X72', 'X77', 'X25', 'X79', 'X36', 'X97', 'X61', 'X4', 'X87', 'X86', 'X88', 'X18', 'X20', 'X68', 'X71', 'X17', 'X14', 'X56', 'X3', 'X27', 'X74', 'X23', 'X28', 'X29', 'X51', 'X19', 'X44', 'X33', 'X69', 'X49', 'X32', 'X47', 'X42', 'X13', 'X1', 'X35', 'X26', 'X0', 'X7', 'X58', 'X82', 'X83', 'X85', 'X91', 'X22', 'X8', 'X89']"
98,X3,X0,0,0.12478135665878654,0.08675801021028663,1.0,53.111111111111114,0.1111111111111111,"['X81', 'X76', 'X90', 'X12', 'X48', 'X43', 'X38', 'X64', 'X31', 'X11', 'X63', 'X54', 'X95', 'X70', 'X39', 'X93', 'X57', 'X15', 'X73', 'X45', 'X67', 'X98', 'X21', 'X62', 'X46', 'X78', 'X99', 'X37', 'X94', 'X9', 'X16', 'X65', 'X52', 'X77', 'X92', 'X72', 'X75', 'X25', 'X79', 'X36', 'X97', 'X61', 'X4', 'X87', 'X86', 'X88', 'X18', 'X20', 'X17', 'X71', 'X68', 'X14', 'X56', 'X27', 'X74', 'X23', 'X28', 'X2', 'X51', 'X29', 'X19', 'X44', 'X33', 'X69', 'X49', 'X32', 'X47', 'X42', 'X13', 'X35', 'X1', 'X26', 'X59', 'X7', 'X58', 'X82', 'X83', 'X85', 'X91', 'X22', 'X8', 'X89']"
99,X3,X0,1,0.8371270464526283,0.17924596405044405,1.0,52.0,0.1111111111111111,"['X81', 'X76', 'X90', 'X12', 'X48', 'X43', 'X38', 'X64', 'X31', 'X11', 'X63', 'X54', 'X95', 'X70', 'X39', 'X57', 'X93', 'X15', 'X73', 'X45', 'X67', 'X98', 'X21', 'X62', 'X46', 'X78', 'X37', 'X94', 'X9', 'X52', 'X65', 'X16', 'X77', 'X92', 'X72', 'X75', 'X25', 'X79', 'X36', 'X97', 'X61', 'X4', 'X86', 'X87', 'X88', 'X18', 'X17', 'X20', 'X68', 'X71', 'X14', 'X56', 'X27', 'X74', 'X23', 'X28', 'X2', 'X29', 'X51', 'X19', 'X44', 'X33', 'X69', 'X32', 'X49', 'X47', 'X42', 'X13', 'X1', 'X35', 'X26', 'X59', 'X7', 'X58', 'X82', 'X83', 'X85', 'X91', 'X22', 'X8', 'X89']"
